0 0.778125 0.4890625 0.1015625 0.040625
0 0.72734375 0.4296875 0.1484375 0.0484375
0 0.71328125 0.36171875 0.08984375 0.05234375
0 0.671875 0.296875 0.0671875 0.0453125
0 0.2734375 0.46015625 0.0859375 0.03828125
0 0.78125 0.66796875 0.12265625 0.065625
0 0.63125 0.265625 0.03359375 0.01484375
0 0.63046875 0.2453125 0.0296875 0.01328125
0 0.6296875 0.23359375 0.0296875 0.0078125
0 0.496875 0.253125 0.025 0.00703125
0 0.49765625 0.209375 0.03671875 0.0140625
0 0.528125 0.18828125 0.03359375 0.01640625
0 0.50625 0.23671875 0.025 0.00859375